13 1 0
-1.000000000000000000e+00 6.842105263157898243e-01 -6.166007905138339851e-01 1.443850267379680474e-01 -4.845360824742267480e-01 2.391304347826086474e-01 2.551724137931032921e-01 1.476793248945147408e-01 -4.339622641509432999e-01 1.861198738170348754e-01 -2.559726962457339328e-01 -8.943089430894302083e-02 9.413919413919413781e-01 1.226818830242510927e-01
-1.000000000000000000e+00 1.421052631578945125e-01 -5.889328063241106026e-01 -1.657754010695186020e-01 -9.381443298969072142e-01 -3.478260869565217295e-01 1.517241379310345639e-01 2.109704641350207410e-02 -5.094339622641509413e-01 -4.511041009463722107e-01 -4.709897610921502942e-01 -7.317073170731691611e-02 5.604395604395604469e-01 1.012838801711839487e-01
-1.000000000000000000e+00 1.210526315789475227e-01 -3.596837944664031950e-01 4.010695187165773667e-01 -1.752577319587625970e-01 -3.260869565217391353e-01 2.551724137931032921e-01 2.236286919831225184e-01 -3.584905660377359915e-01 5.141955835962144228e-01 -2.491467576791810412e-01 -1.056910569105690145e-01 3.919413919413918812e-01 2.938659058487873565e-01
-1.000000000000000000e+00 7.578947368421049546e-01 -5.217391304347825942e-01 2.192513368983957101e-01 -3.608247422680410654e-01 -6.521739130434778264e-02 9.793103448275863876e-01 3.291139240506331110e-01 -5.849056603773585827e-01 1.167192429022083644e-01 1.126279863481227661e-01 -3.821138211382113514e-01 5.970695970695971688e-01 7.146932952924394122e-01
-1.000000000000000000e+00 1.631578947368423904e-01 -2.687747035573122556e-01 6.149732620320855769e-01 7.216494845360843513e-02 4.347826086956518843e-02 2.551724137931032921e-01 -8.438818565400851845e-03 -1.886792452830188260e-02 -1.104100946372238434e-01 -4.812286689419795760e-01 -8.943089430894302083e-02 2.161172161172162376e-01 -3.480741797432239659e-01
-1.000000000000000000e+00 6.684210526315785827e-01 -5.968379446640315056e-01 1.657754010695189351e-01 -5.257731958762886793e-01 -8.695652173913048788e-02 5.793103448275862544e-01 2.869198312236287407e-01 -2.075471698113207086e-01 -1.577287066246046976e-02 -6.655290102389088691e-02 -7.317073170731691611e-02 1.575091575091576157e-01 6.718972895863053463e-01
-1.000000000000000000e+00 7.684210526315793377e-01 -5.533596837944663172e-01 1.657754010695189351e-01 -5.876288659793813540e-01 -4.347826086956522174e-01 4.827586206896561372e-02 -8.016877637130803702e-02 -3.584905660377359915e-01 -9.463722397476281856e-03 -3.225255972696245976e-01 -1.219512195121950082e-01 6.923076923076922906e-01 4.436519258202566984e-01
-1.000000000000000000e+00 5.947368421052634524e-01 -4.426877470355731203e-01 3.368983957219249259e-01 -2.783505154639173140e-01 1.086956521739130821e-01 1.172413793103448398e-01 -8.438818565400851845e-02 -3.207547169811321153e-01 -4.700315457413248854e-01 -3.566552901023891664e-01 -5.691056910569092242e-02 6.923076923076922906e-01 4.507845934379457464e-01
-1.000000000000000000e+00 1.000000000000000000e+00 -6.442687747035573675e-01 -1.336898395721926036e-01 -6.494845360824741398e-01 -4.130434782608695121e-01 2.551724137931032921e-01 1.139240506329113334e-01 -3.962264150943397567e-01 -9.463722397476281856e-03 -3.310580204778157398e-01 -2.439024390243882401e-02 1.575091575091576157e-01 9.415121255349490070e-02
-1.000000000000000000e+00 4.894736842105260610e-01 -7.588932806324110159e-01 -2.673796791443849852e-02 -4.432989690721648168e-01 -3.913043478260869179e-01 3.793103448275862988e-01 1.856540084388185186e-01 -6.603773584905661131e-01 -9.148264984227116869e-02 1.365187713310556106e-02 -1.382113821138211129e-01 6.703296703296701686e-01 9.415121255349490070e-02
-1.000000000000000000e+00 6.157894736842104422e-01 -4.387351778656125578e-01 5.347593582887499863e-03 -2.371134020618556049e-01 -2.391304347826086474e-01 3.586206896551726864e-01 2.573839662447257037e-01 -6.603773584905661131e-01 2.429022082018927886e-01 -2.372013651877133977e-01 2.520325203252034019e-01 3.919413919413918812e-01 7.574893009985734782e-01
-1.000000000000000000e+00 6.263157894736839371e-01 -7.075098814229248134e-01 2.673796791443838750e-02 -3.608247422680410654e-01 -4.565217391304348116e-01 -1.586206896551722867e-01 -1.181434599156117038e-01 -5.094339622641509413e-01 -2.681388012618295402e-01 -3.651877133105803086e-01 1.219512195121950082e-01 1.355311355311354937e-01 4.293865905848788245e-01
-1.000000000000000000e+00 4.315789473684210620e-01 -6.086956521739130821e-01 1.229946524064171598e-01 -4.432989690721648168e-01 -5.869565217391303769e-01 1.172413793103448398e-01 2.109704641350207410e-02 -3.962264150943397567e-01 -1.167192429022081424e-01 -2.627986348122868243e-01 8.943089430894302083e-02 1.941391941391941156e-01 4.864479315263907644e-01
-1.000000000000000000e+00 9.578947368421051323e-01 -6.086956521739130821e-01 1.016042780748664942e-01 -9.175257731958762486e-01 -5.434782608695651884e-01 4.620689655172414145e-01 4.135021097046414074e-01 1.320754716981131782e-01 5.141955835962144228e-01 -2.969283276450511710e-01 2.520325203252034019e-01 6.959706959706957186e-02 2.439372325249642426e-01
-1.000000000000000000e+00 7.631578947368424792e-01 -5.533596837944663172e-01 9.090909090909082835e-02 -8.556701030927834628e-01 -3.043478260869565410e-01 5.999999999999998668e-01 3.924050632911393333e-01 -3.962264150943397567e-01 6.088328075709779075e-01 6.143344709897591294e-02 1.707317073170731003e-01 2.673992673992673375e-01 8.102710413694722558e-01
-1.000000000000000000e+00 3.684210526315794265e-01 -5.770750988142292481e-01 4.331550802139039202e-01 -3.195876288659793563e-01 -8.695652173913048788e-02 2.896551724137932382e-01 8.438818565400851845e-02 -3.584905660377359915e-01 -3.375394321766561623e-01 2.730375426621156620e-02 3.008130081300814940e-01 1.794871794871792936e-01 4.721825962910128904e-01
-1.000000000000000000e+00 7.210526315789478335e-01 -5.335968379446640597e-01 4.545454545454548079e-01 -3.092783505154628187e-02 8.695652173913037686e-02 2.551724137931032921e-01 1.814345991561181481e-01 -2.452830188679244738e-01 -1.577287066246046976e-02 -1.604095563139932290e-01 -4.065040650406492873e-02 1.098901098901094997e-02 4.293865905848788245e-01
-1.000000000000000000e+00 4.736842105263159297e-01 -6.719367588932805280e-01 3.475935828877005918e-01 -3.092783505154628187e-02 -2.173913043478259421e-02 3.586206896551726864e-01 2.911392405063291111e-01 1.886792452830188260e-02 -1.735015772870661666e-01 -9.215017064846431349e-02 5.691056910569103344e-02 -4.761904761904778294e-02 2.154065620542082726e-01
-1.000000000000000000e+00 6.631578947368419463e-01 -6.640316205533596250e-01 1.978609625668448224e-01 -3.917525773195875693e-01 -1.739130434782608647e-01 5.999999999999998668e-01 5.147679324894516295e-01 -2.830188679245283501e-01 -8.517350157728698079e-02 2.662116040955628815e-01 2.195121951219511924e-01 1.355311355311354937e-01 1.000000000000000000e+00
-1.000000000000000000e+00 3.736842105263160629e-01 -6.719367588932789737e-02 2.834224598930481509e-01 -5.257731958762886793e-01 0.000000000000000000e+00 1.862068965517242880e-01 1.350210970464134075e-01 -8.490566037735849392e-01 -2.113564668769716270e-01 -3.481228668941981352e-01 -2.195121951219511924e-01 5.311355311355310249e-01 -1.911554921540655760e-01
-1.000000000000000000e+00 5.947368421052634524e-01 -6.482213438735178190e-01 -1.604278074866338777e-02 -4.432989690721648168e-01 2.173913043478261642e-01 3.931034482758621884e-01 1.940928270042194814e-01 -5.849056603773585827e-01 6.624605678233441708e-02 -2.542662116040955711e-01 -8.130081300812830314e-03 7.875457875457874124e-01 -2.838801711840228670e-01
-1.000000000000000000e+00 0.000000000000000000e+00 2.094861660079050392e-01 3.796791443850267012e-01 -1.752577319587625970e-01 -3.043478260869565410e-01 -1.379310344827566759e-02 -1.265822784810125556e-01 -5.471698113207548175e-01 -9.463722397476281856e-03 -4.505119453924915085e-01 -1.056910569105690145e-01 6.483516483516482687e-01 -2.981455064194008520e-01
-1.000000000000000000e+00 4.105263157894742942e-01 -5.573122529644267686e-01 6.951871657753994072e-02 -3.814432989690719200e-01 -3.260869565217391353e-01 1.241379310344827847e-01 7.172995780590718518e-02 -4.716981132075471761e-01 -1.924290220820188413e-01 -5.699658703071672772e-01 2.439024390243926810e-02 1.000000000000000000e+00 7.988587731811702675e-02
-1.000000000000000000e+00 -4.210526315789475671e-02 -6.600790513833991735e-01 2.406417112299465977e-01 -2.577319587628864594e-01 -4.565217391304348116e-01 3.448275862068972408e-02 -1.434599156118142593e-01 -5.094339622641509413e-01 -3.375394321766561623e-01 -5.477815699658703519e-01 -8.130081300812830314e-03 7.289377289377287905e-01 5.135520684736083474e-02
-1.000000000000000000e+00 3.000000000000000444e-01 -5.770750988142292481e-01 3.368983957219249259e-01 -3.092783505154628187e-02 -4.347826086956522174e-01 6.896551724137922612e-02 -4.219409282700425923e-02 -4.339622641509432999e-01 -2.113564668769716270e-01 -6.177474402730375180e-01 4.065040650406515077e-02 8.681318681318679342e-01 -1.911554921540655760e-01
-1.000000000000000000e+00 6.315789473684252364e-02 -4.822134387351778573e-01 9.893048128342247782e-01 4.845360824742268591e-01 1.739130434782609758e-01 1.379310344827586743e-01 -1.265822784810122226e-02 2.830188679245280170e-01 -4.731861198738163132e-02 -6.075085324232082362e-01 5.691056910569103344e-02 4.139194139194140032e-01 -2.125534950071327200e-01
-1.000000000000000000e+00 2.421052631578950454e-01 -5.928853754940710541e-01 3.475935828877005918e-01 -4.329896907216492785e-01 -5.000000000000000000e-01 2.896551724137932382e-01 9.704641350210962969e-02 -2.075471698113207086e-01 -3.438485804416403502e-01 -3.993174061433447664e-01 -2.845528455284551672e-01 4.285714285714286031e-01 3.081312410841654525e-01
-1.000000000000000000e+00 1.947368421052635412e-01 -6.126482213438735336e-01 -1.657754010695186020e-01 -3.402061855670102108e-01 -4.782608695652174058e-01 -2.068965517241383445e-02 -2.194092827004220370e-01 -4.716981132075471761e-01 -4.069400630914825623e-01 -5.443686006825938506e-01 -1.219512195121950082e-01 9.890109890109899382e-02 4.365192582025676504e-01
-1.000000000000000000e+00 4.947368421052626974e-01 -5.415019762845849627e-01 5.401069518716574702e-01 -9.278350515463917869e-02 -1.956521739130434590e-01 3.586206896551726864e-01 1.097046413502109630e-01 -9.433962264150952404e-02 -1.482649842271293039e-01 -4.505119453924915085e-01 2.520325203252034019e-01 5.604395604395604469e-01 -9.129814550641934812e-02
-1.000000000000000000e+00 5.736842105263155744e-01 -6.284584980237153395e-01 -9.090909090909105039e-02 -4.432989690721648168e-01 -4.347826086956522174e-01 1.517241379310345639e-01 -1.603375527426160740e-01 -5.094339622641509413e-01 -9.463722397476281856e-03 -4.163822525597270507e-01 -8.943089430894302083e-02 6.996336996336995906e-01 7.988587731811702675e-02
-1.000000000000000000e+00 4.210526315789475671e-01 -6.996047430830039104e-01 4.331550802139039202e-01 2.268041237113402886e-01 -3.260869565217391353e-01 3.931034482758621884e-01 2.278481012658228888e-01 -3.962264150943397567e-01 2.429022082018927886e-01 -2.457337883959045399e-01 1.544715447154472177e-01 5.494505494505497190e-02 4.365192582025676504e-01
-1.000000000000000000e+00 3.421052631578949121e-01 -6.363636363636363535e-01 6.951871657753994072e-02 -1.237113402061853495e-01 -2.173913043478260532e-01 2.965517241379309610e-01 2.025316455696202222e-01 -6.603773584905661131e-01 -2.839116719242895659e-02 -4.095563139931746033e-02 -8.130081300812830314e-03 1.794871794871792936e-01 7.646219686162625262e-01
-1.000000000000000000e+00 3.947368421052630527e-01 -5.691699604743082341e-01 6.951871657753994072e-02 -3.195876288659793563e-01 -2.608695652173913526e-01 -6.896551724137944817e-03 -8.438818565400851845e-03 9.433962264150941301e-02 -1.577287066246046976e-02 -5.631399317406144966e-01 2.195121951219511924e-01 1.721611721611722157e-01 1.569186875891581678e-02
-1.000000000000000000e+00 4.368421052631579204e-01 -6.877470355731225560e-01 4.331550802139039202e-01 -8.247422680412364038e-02 3.478260869565217295e-01 3.586206896551726864e-01 1.265822784810133328e-02 3.962264150943395347e-01 -4.069400630914825623e-01 -2.969283276450511710e-01 2.520325203252034019e-01 2.673992673992673375e-01 3.651925820256776145e-01
-1.000000000000000000e+00 3.052631578947369029e-01 -5.810276679841896996e-01 3.796791443850267012e-01 -1.340206185567008879e-01 -1.304347826086956763e-01 -5.517241379310333649e-02 -7.594936708860766661e-02 -3.962264150943397567e-01 -2.870662460567822150e-01 -5.017064846416382506e-01 8.130081300813163381e-03 1.721611721611722157e-01 1.654778887303851587e-01
-1.000000000000000000e+00 2.894736842105265495e-01 -5.770750988142292481e-01 1.229946524064171598e-01 2.061855670103107663e-02 -3.478260869565217295e-01 1.862068965517242880e-01 1.139240506329113334e-01 -5.094339622641509413e-01 -8.517350157728698079e-02 -3.481228668941981352e-01 -8.943089430894302083e-02 6.117216117216117688e-01 -8.416547788873041114e-02
-1.000000000000000000e+00 1.842105263157891581e-01 -6.442687747035573675e-01 5.828877005347592455e-01 -4.948453608247421753e-01 -1.304347826086956763e-01 1.172413793103448398e-01 -1.265822784810122226e-02 -2.075471698113207086e-01 -4.006309148264982634e-01 -4.334470989761093351e-01 -8.130081300812830314e-03 1.062271062271060718e-01 -1.412268188302424621e-01
-1.000000000000000000e+00 6.315789473684252364e-02 -6.403162055335969161e-01 2.727272727272724850e-01 -2.371134020618556049e-01 -3.913043478260869179e-01 1.379310344827611168e-02 -1.181434599156117038e-01 -3.962264150943397567e-01 -3.501577287066245381e-01 -4.931740614334472195e-01 4.065040650406515077e-02 -9.157509157509169384e-02 1.797432239657632547e-01
-1.000000000000000000e+00 7.368421052631601853e-02 -6.996047430830039104e-01 -2.085561497326202662e-01 -4.948453608247421753e-01 -3.913043478260869179e-01 -2.068965517241383445e-02 -2.953586497890292595e-02 -4.339622641509432999e-01 -3.943217665615140755e-01 -5.870307167235495616e-01 1.382113821138211129e-01 4.029304029304014989e-02 5.848787446504988274e-02
-1.000000000000000000e+00 6.789473684210529658e-01 2.845849802371542836e-01 2.299465240641709318e-01 -7.319587628865980022e-01 2.608695652173913526e-01 3.931034482758621884e-01 1.392405063291139999e-01 -7.358490566037736436e-01 5.362776025236604127e-02 -3.481228668941981352e-01 -3.333333333333332593e-01 6.556776556776555687e-01 -3.124108416547788369e-01
-1.000000000000000000e+00 3.315789473684214173e-01 -6.166007905138339851e-01 1.604278074866316572e-02 -4.226804123711339622e-01 2.173913043478270524e-02 4.965517241379311386e-01 2.447257383966245925e-01 -2.075471698113207086e-01 2.176656151419558149e-01 -1.723549488054608725e-01 -2.357723577235772972e-01 5.457875457875456249e-01 -2.624821683309557230e-01
-1.000000000000000000e+00 2.526315789473685403e-01 2.252964426877470672e-01 -1.871657754010694896e-01 -1.546391752577317424e-01 -5.652173913043478937e-01 1.379310344827611168e-02 -1.265822784810122226e-02 -4.716981132075471761e-01 -3.249211356466876754e-01 -4.880546075085324675e-01 -3.008130081300811609e-01 2.673992673992673375e-01 7.988587731811702675e-02
-1.000000000000000000e+00 5.000000000000004441e-01 -5.454545454545454142e-01 3.155080213903742603e-01 -5.463917525773195338e-01 -3.260869565217391353e-01 5.655172413793103647e-01 3.586497890295359259e-01 -8.490566037735849392e-01 -1.861198738170346534e-01 -2.918088737201366412e-01 -3.495934959349592530e-01 6.776556776556776907e-01 1.654778887303851587e-01
-1.000000000000000000e+00 1.631578947368423904e-01 2.806324110671938321e-01 -5.347593582887721908e-03 -2.886597938144328523e-01 -2.826086956521739468e-01 1.448275862068966191e-01 -3.375527426160340738e-02 -2.830188679245283501e-01 -2.113564668769716270e-01 -4.744027303754266844e-01 -4.471544715447154372e-01 2.673992673992673375e-01 -4.265335235378031609e-01
-1.000000000000000000e+00 6.315789473684252364e-02 -5.928853754940710541e-01 -2.085561497326202662e-01 -3.402061855670102108e-01 -1.956521739130434590e-01 3.931034482758621884e-01 1.223628691983122962e-01 -4.339622641509432999e-01 2.208201892744465766e-02 -3.583617747440274171e-01 -3.495934959349592530e-01 5.238095238095239470e-01 -1.340941512125535251e-01
-1.000000000000000000e+00 6.736842105263163294e-01 3.043478260869565410e-01 1.550802139037432692e-01 -1.443298969072165372e-01 -1.086956521739130821e-01 2.896551724137932382e-01 -2.531645569620255554e-02 -3.584905660377359915e-01 -4.700315457413248854e-01 -3.242320819112628483e-01 -3.658536585365853577e-01 5.091575091575091250e-01 1.440798858773180147e-01
-1.000000000000000000e+00 7.631578947368424792e-01 1.264822134387351138e-01 -1.604278074866338777e-02 -4.432989690721648168e-01 -3.043478260869565410e-01 5.655172413793103647e-01 1.940928270042194814e-01 -4.716981132075471761e-01 1.230283911671925523e-01 -3.822525597269624820e-01 -8.943089430894302083e-02 5.897435897435896468e-01 1.226818830242510927e-01
-1.000000000000000000e+00 5.105263157894739390e-01 -6.284584980237153395e-01 -1.871657754010694896e-01 -4.432989690721648168e-01 -3.260869565217391353e-01 4.620689655172414145e-01 2.869198312236287407e-01 -6.981132075471698784e-01 9.148264984227139074e-02 -1.774744027303756244e-01 -3.008130081300811609e-01 5.091575091575091250e-01 8.559201141226768783e-03
-1.000000000000000000e+00 6.157894736842104422e-01 -4.940711462450592117e-01 1.122994652406414939e-01 -1.546391752577317424e-01 -2.826086956521739468e-01 2.206896551724137900e-01 8.860759493670888887e-02 -2.830188679245283501e-01 2.429022082018927886e-01 -1.604095563139932290e-01 -4.065040650406492873e-02 8.424908424908417182e-02 1.155492154065620447e-01
-1.000000000000000000e+00 5.315789473684209288e-01 -6.086956521739130821e-01 -2.673796791443849852e-02 -2.989690721649485017e-01 -1.739130434782608647e-01 3.103448275862068506e-01 3.502109704641349630e-01 -2.830188679245283501e-01 5.362776025236604127e-02 3.003412969283276723e-01 4.065040650406515077e-02 3.406593406593407813e-01 4.008559201141226325e-01
-1.000000000000000000e+00 6.315789473684252364e-02 -6.086956521739130821e-01 -2.727272727272727071e-01 -8.144329896907215316e-01 -5.217391304347825942e-01 2.000000000000001776e-01 2.362869198312236296e-01 -8.490566037735849392e-01 5.772870662460567459e-01 1.023890784982928182e-02 4.065040650406515077e-02 2.014652014652016376e-01 2.439372325249642426e-01
-1.000000000000000000e+00 4.736842105263159297e-01 -6.403162055335969161e-01 3.262032085561497041e-01 -3.195876288659793563e-01 -4.782608695652174058e-01 1.379310344827611168e-02 1.181434599156119258e-01 -6.603773584905661131e-01 1.861198738170348754e-01 -2.627986348122868243e-01 2.357723577235772972e-01 5.384615384615385469e-01 4.079885877318116805e-01
-1.000000000000000000e+00 4.684210526315790712e-01 -6.007905138339920681e-01 1.336898395721923816e-01 -6.494845360824741398e-01 -1.086956521739130821e-01 1.000000000000000000e+00 4.345991561181434815e-01 -2.830188679245283501e-01 -7.886435331230268186e-02 -1.535836177474414477e-02 -1.382113821138211129e-01 4.578754578754578031e-01 3.009985734664764045e-01
-1.000000000000000000e+00 4.421052631578945569e-01 -5.415019762845849627e-01 4.117647058823530326e-01 -3.298969072164945615e-01 -2.173913043478259421e-02 3.931034482758621884e-01 3.375527426160340738e-02 -1.886792452830188260e-02 -1.987381703470031402e-01 -1.433447098976110556e-01 5.691056910569103344e-02 2.161172161172162376e-01 5.649072753209700704e-01
-1.000000000000000000e+00 4.263157894736844256e-01 -6.324110671936759021e-01 -4.812834224598938615e-02 -4.020618556701031077e-01 4.347826086956518843e-02 1.172413793103448398e-01 8.016877637130792600e-02 -6.981132075471698784e-01 -2.365930599369083787e-01 -2.201365187713312244e-01 -2.845528455284551672e-01 4.139194139194140032e-01 1.155492154065620447e-01
-1.000000000000000000e+00 3.315789473684214173e-01 -6.086956521739130821e-01 1.764705882352941568e-01 2.061855670103107663e-02 0.000000000000000000e+00 3.655172413793104091e-01 2.953586497890281493e-02 -7.358490566037736436e-01 2.870662460567823260e-01 -1.518771331058020868e-01 -1.869918699186992050e-01 2.893772893772892374e-01 2.011412268188301766e-01
-1.000000000000000000e+00 6.789473684210529658e-01 -6.205533596837944366e-01 5.347593582887499863e-03 -4.123711340206184239e-01 4.347826086956518843e-02 5.310344827586208627e-01 1.223628691983122962e-01 -5.094339622641509413e-01 2.208201892744465766e-02 -1.296928327645052725e-01 -2.520325203252032908e-01 4.945054945054945250e-01 -1.283880171184026420e-02
-1.000000000000000000e+00 1.894736842105260166e-01 -5.138339920948615802e-01 4.117647058823530326e-01 -3.608247422680410654e-01 -3.043478260869565410e-01 3.931034482758621884e-01 2.194092827004219259e-01 -3.207547169811321153e-01 -2.113564668769716270e-01 -1.945392491467577978e-01 -4.065040650406492873e-02 1.501831501831500937e-01 4.151212553495007285e-01
-1.000000000000000000e+00 4.157894736842109307e-01 -7.272727272727272929e-01 2.192513368983957101e-01 -3.711340206185567148e-01 -1.739130434782608647e-01 6.689655172413793149e-01 4.050632911392404445e-01 -7.735849056603774088e-01 2.839116719242906761e-02 -5.802047781569974472e-02 -3.333333333333332593e-01 1.721611721611722157e-01 4.365192582025676504e-01
0.000000000000000000e+00 -2.947368421052634080e-01 -9.209486166007905261e-01 -1.000000000000000000e+00 -1.000000000000000000e+00 -6.086956521739130821e-01 -3.103448275862068506e-01 -9.029535864978903703e-01 -4.339622641509432999e-01 -9.936908517350158121e-01 -8.856655290102388722e-01 -7.317073170731691611e-02 -5.970695970695970578e-01 -6.547788873038515867e-01
0.000000000000000000e+00 -3.157894736842102867e-01 -8.577075098814228582e-01 -1.604278074866338777e-02 -4.432989690721648168e-01 -3.260869565217391353e-01 -2.620689655172414589e-01 -6.835443037974684444e-01 8.867924528301884823e-01 -1.000000000000000000e+00 -6.604095563139931180e-01 2.520325203252034019e-01 -7.069597069597070016e-01 -4.265335235378031609e-01
0.000000000000000000e+00 -1.526315789473678963e-01 -7.549407114624505644e-01 -2.941176470588235947e-01 -3.608247422680410654e-01 -3.478260869565217295e-01 -2.827586206896550713e-01 -5.485232067510549259e-01 5.094339622641510523e-01 -8.675078864353311658e-01 -2.372013651877133977e-01 -1.869918699186992050e-01 -7.655677655677655125e-01 -7.546362339514978146e-01
0.000000000000000000e+00 3.894736842105264163e-01 -7.984189723320157528e-01 -4.010695187165776998e-01 -2.371134020618556049e-01 -4.782608695652174058e-01 -2.275862068965516238e-01 -3.881856540084388518e-01 -2.830188679245283501e-01 -7.981072555205046548e-01 -5.699658703071672772e-01 2.195121951219511924e-01 -1.282051282051281937e-01 -4.978601997146933078e-01
0.000000000000000000e+00 -2.947368421052634080e-01 -8.458498023715415037e-01 -1.443850267379678254e-01 -1.340206185567008879e-01 -6.304347826086956763e-01 7.379310344827587631e-01 1.645569620253164445e-01 -7.735849056603774088e-01 -7.886435331230268186e-02 -4.590443686006826507e-01 2.032520325203253098e-01 1.721611721611722157e-01 -7.974322396576319916e-01
0.000000000000000000e+00 -3.999999999999998002e-01 -7.193675889328063899e-01 2.513368983957215974e-01 -1.340206185567008879e-01 -2.608695652173913526e-01 -3.724137931034483540e-01 -4.050632911392405555e-01 2.075471698113207086e-01 -6.088328075709779075e-01 -7.150170648464163614e-01 5.772357723577234978e-01 -2.967032967032967594e-01 -8.901569186875891715e-01
0.000000000000000000e+00 -2.947368421052634080e-01 -8.142292490118576698e-01 2.834224598930481509e-01 -2.268041237113399555e-01 -3.913043478260869179e-01 -6.896551724137944817e-03 -2.531645569620255554e-02 -9.433962264150952404e-02 5.362776025236604127e-02 -4.334470989761093351e-01 1.544715447154472177e-01 -2.454212454212455485e-01 -4.293865905848787135e-01
0.000000000000000000e+00 9.473684210526300831e-02 -8.932806324110671437e-01 -6.363636363636364646e-01 -5.463917525773195338e-01 -8.260869565217391353e-01 3.793103448275862988e-01 1.983122362869198518e-01 -5.094339622641509413e-01 1.798107255520504655e-01 -3.139931740614335665e-01 4.065040650406515077e-02 3.992673992673994032e-01 -6.804564907275321151e-01
0.000000000000000000e+00 -2.947368421052634080e-01 -8.300395256916995868e-01 -4.010695187165776998e-01 -7.216494845360799104e-02 -8.260869565217391353e-01 -2.206896551724137900e-01 -2.995780590717300740e-01 -4.716981132075471761e-01 -6.025236593059936085e-01 -4.197952218430035520e-01 4.065040650406515077e-02 6.190476190476190688e-01 -6.690442225392296827e-01
0.000000000000000000e+00 2.157894736842105310e-01 -9.209486166007905261e-01 6.951871657753994072e-02 -3.402061855670102108e-01 -1.304347826086956763e-01 6.896551724137922612e-02 -5.949367088607595555e-01 5.849056603773585827e-01 -9.936908517350158121e-01 -6.774744027303754024e-01 -1.219512195121950082e-01 -5.164835164835165360e-01 -3.266761768901569329e-01
0.000000000000000000e+00 -3.789473684210519222e-01 -8.221343873517786838e-01 -5.828877005347594675e-01 -3.608247422680410654e-01 7.608695652173913526e-01 -3.999999999999999112e-01 -6.033755274261602963e-01 -9.622641509433962348e-01 3.186119873817034875e-01 -7.320819112627986458e-01 3.008130081300814940e-01 3.186813186813186594e-01 -3.723252496433666625e-01
0.000000000000000000e+00 -3.368421052631581647e-01 -6.561264822134387220e-01 -9.090909090909105039e-02 1.030927835051542729e-02 -2.826086956521739468e-01 -9.172413793103447732e-01 -7.130801687763713703e-01 -9.433962264150952404e-02 -3.375394321766561623e-01 -6.979522184300341880e-01 -3.073170731707316472e-01 -5.970695970695970578e-01 -1.554921540656205581e-01
0.000000000000000000e+00 4.894736842105260610e-01 -6.956521739130434590e-01 4.010695187165773667e-01 4.845360824742268591e-01 -6.521739130434782705e-01 3.586206896551726864e-01 6.329113924050622231e-02 -6.981132075471698784e-01 -7.886435331230268186e-02 -6.416382252559726940e-01 4.308943089430896656e-01 3.846153846153848033e-01 -8.116975748930099765e-01
0.000000000000000000e+00 2.947368421052634080e-01 -6.363636363636363535e-01 -5.882352941176449690e-02 3.814432989690723641e-01 -6.304347826086956763e-01 -3.793103448275862988e-01 -3.670886075949367777e-01 -4.716981132075471761e-01 -6.088328075709779075e-01 -5.802047781569965590e-01 -1.869918699186992050e-01 1.062271062271060718e-01 -7.232524964336661810e-01
0.000000000000000000e+00 3.157894736842137284e-02 -6.324110671936759021e-01 3.262032085561497041e-01 1.000000000000000000e+00 5.000000000000000000e-01 5.999999999999998668e-01 7.594936708860755559e-02 -6.981132075471698784e-01 -2.208201892744476869e-02 -6.467576791808873349e-01 3.495934959349595861e-01 6.336996336996336687e-01 8.559201141226768783e-03
0.000000000000000000e+00 -5.105263157894730508e-01 -8.616600790513833097e-01 5.347593582887499863e-03 7.216494845360843513e-02 -3.260869565217391353e-01 6.551724137931034253e-01 -2.405063291139241111e-01 -1.000000000000000000e+00 -2.176656151419558149e-01 -6.706484641638226218e-01 -1.707317073170731003e-01 3.626373626373624592e-01 -1.326676176890156933e-01
0.000000000000000000e+00 -6.684210526315785827e-01 -5.494071146245058657e-01 -4.010695187165776998e-01 -4.432989690721648168e-01 -4.130434782608695121e-01 -5.655172413793102537e-01 -4.810126582278481111e-01 -2.075471698113207086e-01 -5.331230283911672085e-01 -5.699658703071672772e-01 2.195121951219511924e-01 -3.626373626373625703e-01 -7.860199714693295592e-01
0.000000000000000000e+00 5.263157894736814058e-02 -9.367588932806323321e-01 -6.256684491978610207e-01 -4.432989690721648168e-01 -6.521739130434782705e-01 -3.310344827586206851e-01 -2.869198312236288517e-01 -5.849056603773585827e-01 -3.375394321766561623e-01 -4.334470989761093351e-01 1.544715447154472177e-01 -1.135531135531135938e-01 -8.373751783166905049e-01
0.000000000000000000e+00 -5.736842105263155744e-01 -1.501976284584978227e-01 -6.951871657754016276e-02 -2.371134020618556049e-01 -8.695652173913048788e-02 -4.896551724137930828e-01 -5.864978902953585926e-01 1.320754716981131782e-01 -6.593059936908516327e-01 -7.662116040955631036e-01 -2.195121951219511924e-01 -8.424908424908428284e-02 -6.833095577746077787e-01
0.000000000000000000e+00 -3.157894736842102867e-01 -9.011857707509881577e-01 -3.689839572192514794e-01 -5.670103092783503884e-01 4.347826086956521063e-01 -3.655172413793104091e-01 -3.628691983122362963e-01 -1.698113207547171655e-01 4.826498422712932612e-01 -6.382252559726961927e-01 -5.691056910569092242e-02 -2.380952380952380265e-01 -3.266761768901569329e-01
0.000000000000000000e+00 -1.210526315789475227e-01 2.371541501976284216e-01 1.122994652406414939e-01 2.783505154639176471e-01 -3.260869565217391353e-01 2.758620689655173486e-01 -6.751054852320681476e-02 1.320754716981131782e-01 -2.839116719242895659e-02 -7.798634812286689977e-01 1.544715447154472177e-01 3.626373626373624592e-01 -7.360912981455064452e-01
0.000000000000000000e+00 -4.894736842105260610e-01 -9.288537549407114291e-01 -3.155080213903743713e-01 -1.340206185567008879e-01 -6.521739130434782705e-01 -6.896551724137944817e-03 -1.898734177215191110e-01 -3.584905660377359915e-01 -3.564668769716088370e-01 -7.918088737201365301e-01 4.634146341463414309e-01 3.553113553113553813e-01 -1.000000000000000000e+00
0.000000000000000000e+00 -1.105263157894731396e-01 -5.770750988142292481e-01 -1.016042780748661611e-01 -1.546391752577317424e-01 -6.521739130434782705e-01 -1.586206896551722867e-01 -7.594936708860766661e-02 -5.094339622641509413e-01 -1.419558359621450050e-01 -5.529010238907849928e-01 1.056910569105691255e-01 3.699633699633699813e-01 -3.780313837375178787e-01
0.000000000000000000e+00 -4.473684210526313043e-01 -8.458498023715415037e-01 2.299465240641709318e-01 3.814432989690723641e-01 -8.260869565217391353e-01 -2.965517241379309610e-01 -4.767932489451477407e-01 1.886792452830188260e-02 -3.753943217665615117e-01 -8.430034129692832723e-01 3.495934959349595861e-01 6.227106227106249392e-02 -4.978601997146933078e-01
0.000000000000000000e+00 6.315789473684252364e-02 2.332015810276681922e-01 2.673796791443838750e-02 2.268041237113402886e-01 -6.739130434782608647e-01 -5.379310344827585855e-01 -4.725738396624472593e-01 8.113207547169809519e-01 -2.365930599369083787e-01 -3.993174061433447664e-01 -4.146341463414634498e-01 -4.578754578754580251e-01 -6.619115549215406347e-01
0.000000000000000000e+00 -5.736842105263155744e-01 -9.407114624505928946e-01 3.048128342245990385e-01 -2.371134020618556049e-01 -4.782608695652174058e-01 -1.586206896551722867e-01 -2.109704641350211851e-01 -6.603773584905661131e-01 2.239747634069402249e-01 -6.979522184300341880e-01 -4.959349593495934183e-01 3.260073260073259593e-01 -6.547788873038515867e-01
0.000000000000000000e+00 -1.368421052631577650e-01 -9.051383399209486091e-01 -5.882352941176449690e-02 -2.371134020618556049e-01 -3.695652173913043237e-01 -1.586206896551722867e-01 -3.248945147679326295e-01 -3.584905660377359915e-01 -3.375394321766561623e-01 -7.713310580204778555e-01 2.195121951219511924e-01 3.846153846153848033e-01 -7.546362339514978146e-01
0.000000000000000000e+00 -4.052631578947365476e-01 -6.561264822134387220e-01 1.604278074866316572e-02 2.577319587628867925e-01 -5.652173913043478937e-01 -4.482758620689655249e-01 -4.303797468354431111e-01 1.320754716981131782e-01 -2.744479495268137281e-01 -8.003412969283276723e-01 3.821138211382115735e-01 -2.747252747252748595e-01 -6.904422253922967156e-01
0.000000000000000000e+00 -6.736842105263153302e-01 -6.324110671936759021e-01 3.475935828877005918e-01 5.876288659793815761e-01 -6.086956521739130821e-01 -3.517241379310345195e-01 -4.641350210970464074e-01 1.886792452830188260e-02 -4.132492113564667502e-01 -7.747440273037542458e-01 4.308943089430896656e-01 4.212454212454213032e-01 -5.948644793152639831e-01
0.000000000000000000e+00 -6.789473684210520776e-01 -4.782608695652172948e-01 1.764705882352941568e-01 1.340206185567012209e-01 -6.956521739130434590e-01 -3.310344827586206851e-01 -4.303797468354431111e-01 3.207547169811320042e-01 -4.069400630914825623e-01 -7.406143344709897880e-01 -1.544715447154471066e-01 8.424908424908417182e-02 -4.265335235378031609e-01
0.000000000000000000e+00 -4.473684210526313043e-01 -7.667984189723320299e-01 5.347593582887499863e-03 3.402061855670106549e-01 -1.000000000000000000e+00 -1.586206896551722867e-01 -4.725738396624472593e-01 9.433962264150941301e-02 -3.880126182965299986e-01 -9.215017064846416917e-01 -4.065040650406492873e-02 4.212454212454213032e-01 -5.049928673323822448e-01
0.000000000000000000e+00 -4.473684210526313043e-01 -5.691699604743082341e-01 2.673796791443838750e-02 -1.855670103092782464e-01 -7.608695652173913526e-01 -5.724137931034481985e-01 -5.105485232067510371e-01 4.716981132075470651e-01 -2.239747634069400029e-01 -8.088737201365188145e-01 -2.439024390243882401e-02 -2.673992673992674485e-01 -7.118402282453637486e-01
0.000000000000000000e+00 -4.894736842105260610e-01 -6.956521739130434590e-01 1.336898395721923816e-01 1.752577319587629301e-01 -6.521739130434782705e-01 -6.758620689655172598e-01 -6.160337552742616296e-01 3.962264150943395347e-01 -2.302839116719243018e-01 -6.040955631399317349e-01 -7.317073170731691611e-02 1.098901098901094997e-02 -7.546362339514978146e-01
0.000000000000000000e+00 -1.263157894736842701e-01 -6.877470355731225560e-01 -3.743315508021416438e-02 4.123711340206193121e-02 -7.826086956521739468e-01 -7.241379310344828735e-01 -5.274261603375527407e-01 6.981132075471696563e-01 -2.365930599369083787e-01 -6.979522184300341880e-01 -2.195121951219511924e-01 -4.212454212454211921e-01 -6.904422253922967156e-01
0.000000000000000000e+00 -3.368421052631581647e-01 -1.739130434782608647e-01 -8.021390374331538453e-02 -2.371134020618556049e-01 -6.086956521739130821e-01 1.379310344827611168e-02 -1.940928270042194814e-01 -5.471698113207548175e-01 -3.154574132492093952e-03 -8.515358361774744145e-01 8.943089430894302083e-02 4.871794871794870030e-01 -9.828815977175463514e-01
0.000000000000000000e+00 -6.894736842105264607e-01 -5.059288537549406772e-01 -1.604278074866338777e-02 -2.371134020618556049e-01 -3.913043478260869179e-01 4.068965517241380780e-01 -1.898734177215191110e-01 -8.490566037735849392e-01 -4.069400630914825623e-01 -6.638225255972696193e-01 1.056910569105691255e-01 2.380952380952381375e-01 -9.044222539229671565e-01
0.000000000000000000e+00 -2.421052631578941572e-01 -6.916996047430830075e-01 -1.016042780748661611e-01 -1.340206185567008879e-01 1.000000000000000000e+00 4.827586206896561372e-02 -1.856540084388186296e-01 -2.830188679245283501e-01 8.107255520504730306e-01 -7.747440273037542458e-01 1.056910569105691255e-01 -3.663003663003761012e-03 -5.991440798858771455e-02
0.000000000000000000e+00 -5.894736842105258168e-01 -4.545454545454544748e-01 4.759358288770054735e-01 1.237113402061857936e-01 3.913043478260869179e-01 -5.724137931034481985e-01 -7.257383966244725926e-01 -9.622641509433962348e-01 -2.744479495268137281e-01 -7.918088737201365301e-01 -2.357723577235772972e-01 -2.747252747252748595e-01 -5.049928673323822448e-01
0.000000000000000000e+00 -3.368421052631581647e-01 -7.351778656126481959e-01 -3.368983957219252590e-01 -4.432989690721648168e-01 -6.739130434782608647e-01 8.275862068965511575e-02 -8.860759493670888887e-02 -3.962264150943397567e-01 -1.419558359621450050e-01 -7.235494880546076146e-01 2.195121951219511924e-01 7.692307692307709388e-02 -7.860199714693295592e-01
0.000000000000000000e+00 -2.947368421052634080e-01 -8.695652173913043237e-01 -2.085561497326202662e-01 -1.855670103092782464e-01 -6.086956521739130821e-01 7.517241379310346527e-01 4.388185654008438519e-01 -5.849056603773585827e-01 -2.839116719242895659e-02 -4.505119453924915085e-01 -8.943089430894302083e-02 9.890109890109899382e-02 -4.550641940085592418e-01
0.000000000000000000e+00 -3.368421052631581647e-01 -3.952569169960473694e-02 -9.090909090909105039e-02 -2.371134020618556049e-01 -6.086956521739130821e-01 2.896551724137932382e-01 1.181434599156119258e-01 2.075471698113207086e-01 5.141955835962144228e-01 -8.259385665529010989e-01 5.284552845528454057e-01 1.428571428571427937e-01 -8.174037089871611927e-01
0.000000000000000000e+00 -4.473684210526313043e-01 -4.703557312252963918e-01 -6.363636363636364646e-01 -2.886597938144328523e-01 -4.130434782608695121e-01 -1.379310344827585633e-01 -2.278481012658228888e-01 -5.094339622641509413e-01 -3.753943217665615117e-01 -6.552901023890785881e-01 2.845528455284553893e-01 2.380952380952381375e-01 -3.837375178316690949e-01
0.000000000000000000e+00 -1.736842105263157743e-01 -7.628458498023714673e-01 -4.224598930481284764e-01 -1.855670103092782464e-01 -6.086956521739130821e-01 -6.758620689655172598e-01 -5.696202531645570000e-01 -3.962264150943397567e-01 -4.069400630914825623e-01 -8.003412969283276723e-01 -8.943089430894302083e-02 9.890109890109899382e-02 -5.948644793152639831e-01
0.000000000000000000e+00 -3.105263157894735393e-01 -3.241106719367587985e-01 1.764705882352941568e-01 7.216494845360843513e-02 -3.913043478260869179e-01 8.965517241379328262e-02 -2.531645569620254443e-01 -2.075471698113207086e-01 -4.321766561514194249e-01 -7.406143344709897880e-01 -4.796747967479674246e-01 5.457875457875456249e-01 -7.717546362339514632e-01
0.000000000000000000e+00 -5.842105263157890693e-01 -6.126482213438735336e-01 -4.438502673796793641e-01 -8.247422680412364038e-02 -6.521739130434782705e-01 4.827586206896561372e-02 -4.514767932489452962e-01 -9.433962264150952404e-02 -3.627760252365930249e-01 -8.668941979522184482e-01 -2.520325203252032908e-01 -1.428571428571429047e-01 -8.045649072753209285e-01
0.000000000000000000e+00 -2.210526315789472784e-01 -6.086956521739130821e-01 -3.368983957219252590e-01 2.061855670103107663e-02 -6.739130434782608647e-01 -1.586206896551722867e-01 -3.333333333333334814e-01 -2.830188679245283501e-01 -3.249211356466876754e-01 -7.167235494880546121e-01 -8.943089430894302083e-02 6.849816849816847686e-01 -4.379457917261055933e-01
0.000000000000000000e+00 -2.684210526315787826e-01 -2.845849802371541726e-01 -2.673796791443849852e-02 1.752577319587629301e-01 -5.652173913043478937e-01 -5.172413793103448620e-01 -3.670886075949367777e-01 1.000000000000000000e+00 -3.627760252365930249e-01 -7.576791808873719614e-01 -3.821138211382113514e-01 4.871794871794870030e-01 -9.472182596291013335e-01
0.000000000000000000e+00 -3.578947368421050435e-01 -6.086956521739130821e-01 -1.871657754010694896e-01 -1.340206185567008879e-01 -7.826086956521739468e-01 -5.379310344827585855e-01 -2.869198312236288517e-01 -9.433962264150952404e-02 -2.302839116719243018e-01 -6.382252559726961927e-01 -1.544715447154471066e-01 3.919413919413918812e-01 -6.690442225392296827e-01
0.000000000000000000e+00 -1.105263157894731396e-01 -6.007905138339920681e-01 -1.604278074866338777e-02 2.268041237113402886e-01 -6.956521739130434590e-01 -7.241379310344828735e-01 -4.008438818565401851e-01 3.207547169811320042e-01 -2.302839116719243018e-01 -6.552901023890785881e-01 -3.495934959349592530e-01 -1.575091575091576157e-01 -7.004279600570613162e-01
0.000000000000000000e+00 -3.736842105263152858e-01 -7.826086956521738358e-01 -3.796791443850268122e-01 -1.340206185567008879e-01 -5.217391304347825942e-01 -4.827586206896561372e-02 -2.827004219409283703e-01 -1.886792452830188260e-02 5.362776025236604127e-02 -7.576791808873719614e-01 -3.821138211382113514e-01 2.820512820512821595e-01 -9.514978601997147178e-01
0.000000000000000000e+00 -6.947368421052630971e-01 -7.588932806324110159e-01 4.331550802139039202e-01 -3.092783505154628187e-02 -4.782608695652174058e-01 2.137931034482760673e-01 8.860759493670888887e-02 -3.962264150943397567e-01 3.123028391167192996e-01 -7.662116040955631036e-01 -2.195121951219511924e-01 4.578754578754578031e-01 -4.265335235378031609e-01
0.000000000000000000e+00 -7.736842105263150859e-01 1.857707509881423302e-01 -5.080213903743315829e-01 -8.247422680412364038e-02 -1.956521739130434590e-01 5.172413793103449731e-01 -5.485232067510548148e-02 -5.849056603773585827e-01 1.000000000000000000e+00 -7.235494880546076146e-01 -5.609756097560975041e-01 1.282051282051281937e-01 -5.948644793152639831e-01
0.000000000000000000e+00 -2.157894736842105310e-01 -3.320158102766797015e-01 -1.336898395721926036e-01 7.216494845360843513e-02 -6.086956521739130821e-01 8.275862068965511575e-02 -1.856540084388186296e-01 -5.094339622641509413e-01 -4.889589905362775601e-01 -8.771331058020478411e-01 -3.170731707317072656e-01 1.062271062271060718e-01 -9.329529243937232375e-01
0.000000000000000000e+00 -6.157894736842104422e-01 -2.332015810276678591e-01 6.684491978609625740e-01 -3.092783505154628187e-02 -2.826086956521739468e-01 -4.689655172413792483e-01 -2.869198312236288517e-01 7.735849056603771867e-01 -5.962145110410093096e-01 -5.699658703071672772e-01 2.195121951219511924e-01 -9.890109890109888280e-02 -5.306704707560627732e-01
0.000000000000000000e+00 -7.999999999999996003e-01 -1.000000000000000000e+00 2.192513368983957101e-01 7.216494845360843513e-02 -6.086956521739130821e-01 3.448275862068972408e-02 -2.953586497890297036e-01 9.433962264150941301e-02 -3.501577287066245381e-01 -6.928327645051194361e-01 8.130081300813163381e-03 -2.380952380952380265e-01 -7.774607703281026794e-01
0.000000000000000000e+00 -4.473684210526313043e-01 -7.430830039525692099e-01 2.192513368983957101e-01 2.268041237113402886e-01 -6.956521739130434590e-01 8.965517241379328262e-02 -1.772151898734177777e-01 1.320754716981131782e-01 -6.025236593059936085e-01 -7.235494880546076146e-01 -2.682926829268291735e-01 4.065934065934064812e-01 -8.473609129814551055e-01
0.000000000000000000e+00 -1.000000000000000000e+00 -6.956521739130434590e-01 -1.016042780748661611e-01 1.237113402061857936e-01 -6.739130434782608647e-01 2.068965517241383445e-02 -2.278481012658228888e-01 4.716981132075470651e-01 9.463722397476281856e-03 -8.941979522184300144e-01 1.000000000000000000e+00 1.721611721611722157e-01 -8.159771754636233609e-01
0.000000000000000000e+00 -5.842105263157890693e-01 -7.114624505928853759e-01 -3.262032085561498151e-01 5.154639175257758055e-02 -6.521739130434782705e-01 -3.103448275862068506e-01 -4.683544303797468888e-01 -3.584905660377359915e-01 -2.933753943217665139e-01 -8.856655290102388722e-01 -2.357723577235772972e-01 5.091575091575091250e-01 -6.904422253922967156e-01
0.000000000000000000e+00 -2.684210526315787826e-01 -6.561264822134387220e-01 -1.122994652406418270e-01 2.268041237113402886e-01 -1.739130434782608647e-01 -2.965517241379309610e-01 -2.616033755274262962e-01 -2.075471698113207086e-01 -2.429022082018925666e-01 -8.668941979522184482e-01 -5.691056910569092242e-02 2.380952380952381375e-01 -9.044222539229671565e-01
0.000000000000000000e+00 -8.421052631578951342e-02 6.324110671936788997e-02 -3.368983957219252590e-01 -4.432989690721648168e-01 -7.826086956521739468e-01 -5.517241379310344751e-01 -6.160337552742616296e-01 1.320754716981131782e-01 -7.350157728706624427e-01 -6.382252559726961927e-01 -6.422764227642276946e-01 -3.772893772893771702e-01 -8.659058487874464749e-01
0.000000000000000000e+00 -4.894736842105260610e-01 6.324110671936788997e-02 -3.155080213903743713e-01 -1.340206185567008879e-01 -6.304347826086956763e-01 -2.965517241379309610e-01 -4.514767932489452962e-01 -9.433962264150952404e-02 -7.886435331230268186e-02 -1.000000000000000000e+00 -2.682926829268291735e-01 3.040293040293038374e-01 -5.920114122681883195e-01
0.000000000000000000e+00 -7.789473684210527216e-01 -3.438735177865612780e-01 1.336898395721923816e-01 -3.092783505154628187e-02 -4.347826086956522174e-01 3.241379310344827402e-01 3.375527426160340738e-02 -2.830188679245283501e-01 -1.041009463722396555e-01 -6.638225255972696193e-01 -4.796747967479674246e-01 5.531135531135531469e-01 -5.049928673323822448e-01
0.000000000000000000e+00 -7.210526315789468343e-01 -4.822134387351778573e-01 1.000000000000000000e+00 8.453608247422679245e-01 6.521739130434789367e-02 5.172413793103449731e-01 1.000000000000000000e+00 2.830188679245280170e-01 -7.886435331230268186e-02 -1.945392491467577978e-01 -2.682926829268291735e-01 7.728937728937728124e-01 -7.332382310984308926e-01
0.000000000000000000e+00 -2.684210526315787826e-01 4.584980237154150373e-01 4.652406417112298076e-01 6.391752577319589346e-01 -3.043478260869565410e-01 -1.586206896551722867e-01 -2.447257383966245925e-01 1.320754716981131782e-01 -1.798107255520504655e-01 -8.634812286689419469e-01 -2.845528455284551672e-01 3.553113553113553813e-01 -8.758915834522111865e-01
0.000000000000000000e+00 6.315789473684252364e-02 1.000000000000000000e+00 -1.764705882352942679e-01 1.237113402061857936e-01 -6.521739130434782705e-01 1.310344827586207295e-01 -2.531645569620255554e-02 -3.584905660377359915e-01 9.463722397476281856e-03 -7.747440273037542458e-01 -5.934959349593496025e-01 3.406593406593407813e-01 -8.544935805991440425e-01
0.000000000000000000e+00 -5.578947368421054431e-01 4.110671936758891754e-01 1.016042780748664942e-01 7.216494845360843513e-02 -7.391304347826086474e-01 2.965517241379309610e-01 1.350210970464134075e-01 -6.981132075471698784e-01 5.772870662460567459e-01 -7.406143344709897880e-01 -5.609756097560975041e-01 7.362637362637363125e-01 -8.544935805991440425e-01
0.000000000000000000e+00 -4.526315789473680518e-01 -4.387351778656125578e-01 -1.336898395721926036e-01 7.216494845360843513e-02 -6.739130434782608647e-01 1.172413793103448398e-01 -2.531645569620255554e-02 -9.433962264150952404e-02 -4.069400630914825623e-01 -7.474402730375426795e-01 -3.821138211382113514e-01 4.725274725274724030e-01 -8.573466476462197061e-01
0.000000000000000000e+00 -2.631578947368420351e-01 -6.877470355731225560e-01 -5.347593582887721908e-03 1.237113402061857936e-01 -6.521739130434782705e-01 2.137931034482760673e-01 1.856540084388185186e-01 -1.886792452830188260e-02 -1.419558359621450050e-01 -5.460750853242321012e-01 -6.585365853658536883e-01 1.501831501831500937e-01 -8.944365192582025559e-01
0.000000000000000000e+00 -6.000000000000001998e-01 -4.505928853754940233e-01 5.187165775401068046e-01 8.453608247422679245e-01 -5.217391304347825942e-01 -2.068965517241380114e-01 -1.983122362869198518e-01 6.981132075471696563e-01 -1.482649842271293039e-01 -7.064846416382253302e-01 -2.032520325203251987e-01 -1.428571428571429047e-01 -7.318116975748929498e-01
0.000000000000000000e+00 -2.947368421052634080e-01 -6.482213438735178190e-01 5.347593582887499863e-03 4.329896907216497226e-01 -6.086956521739130821e-01 -1.448275862068963971e-01 -1.097046413502108519e-01 1.886792452830188260e-02 -5.993690851735011815e-02 -8.566552901023890554e-01 -3.333333333333332593e-01 1.062271062271060718e-01 -9.087018544935805409e-01
0.000000000000000000e+00 -4.684210526315791823e-01 4.071146245059287239e-01 9.090909090909082835e-02 1.752577319587629301e-01 -7.826086956521739468e-01 -2.275862068965516238e-01 -4.050632911392405555e-01 9.433962264150941301e-02 -4.069400630914825623e-01 -7.747440273037542458e-01 -4.959349593495934183e-01 -4.761904761904778294e-02 -5.691868758915834547e-01
1.000000000000000000e+00 -3.684210526315800927e-02 -7.588932806324110159e-01 2.673796791443838750e-02 -2.371134020618556049e-01 1.304347826086955653e-01 -6.344827586206895909e-01 -6.160337552742616296e-01 -6.981132075471698784e-01 -6.656151419558359317e-01 -5.187713310580206461e-01 -5.447154471544715104e-01 -9.853479853479852890e-01 -4.978601997146933078e-01
1.000000000000000000e+00 -2.631578947368362620e-02 -1.106719367588931968e-01 1.122994652406414939e-01 -3.092783505154628187e-02 -2.608695652173913526e-01 -7.793103448275862100e-01 -6.286919831223629629e-01 -5.849056603773585827e-01 -7.350157728706624427e-01 -2.969283276450511710e-01 -5.772357723577234978e-01 -8.901098901098901672e-01 -6.405135520684736017e-01
1.000000000000000000e+00 -6.315789473684163546e-02 -3.794466403162054524e-01 1.122994652406414939e-01 3.814432989690723641e-01 -3.913043478260869179e-01 -8.827586206896551602e-01 -6.835443037974684444e-01 -4.716981132075471761e-01 -7.350157728706624427e-01 -2.457337883959045399e-01 -7.073170731707316694e-01 -9.340659340659339671e-01 -5.977175463623395357e-01
1.000000000000000000e+00 -1.210526315789475227e-01 1.106719367588933078e-01 6.951871657753994072e-02 1.237113402061857936e-01 -2.173913043478260532e-01 -5.034482758620689724e-01 -6.371308016877637037e-01 -8.490566037735849392e-01 -7.287066246056782548e-01 -3.651877133105803086e-01 -5.121951219512194120e-01 -9.853479853479852890e-01 -5.406562054208273738e-01
1.000000000000000000e+00 -2.210526315789472784e-01 -8.023715415019763153e-01 -4.812834224598938615e-02 -2.886597938144328523e-01 -6.739130434782608647e-01 -2.965517241379309610e-01 -8.987341772151898889e-01 7.735849056603771867e-01 -4.700315457413248854e-01 -2.883959044368601399e-01 -5.609756097560975041e-01 -8.241758241758241343e-01 -4.693295292439372268e-01
1.000000000000000000e+00 -1.736842105263157743e-01 -3.201581027667983470e-01 -1.016042780748661611e-01 -1.855670103092782464e-01 -4.782608695652174058e-01 -5.586206896551723089e-01 -8.649789029535864815e-01 8.867924528301884823e-01 -6.656151419558359317e-01 -6.825938566553113596e-03 -5.934959349593496025e-01 -7.728937728937728124e-01 -4.051355206847361279e-01
1.000000000000000000e+00 -3.578947368421050435e-01 5.731225296442687966e-01 2.620320855614972633e-01 7.216494845360843513e-02 -5.869565217391303769e-01 -7.241379310344828735e-01 -9.451476793248945185e-01 5.094339622641510523e-01 -7.539432176656151174e-01 -5.614334470989761350e-01 -5.609756097560975041e-01 -1.000000000000000000e+00 -3.694721825962909989e-01
1.000000000000000000e+00 -2.105263157894737835e-01 8.853754940711462407e-01 3.689839572192514794e-01 4.845360824742268591e-01 -4.347826086956522174e-01 -4.413793103448275801e-01 -8.902953586497890370e-01 8.867924528301884823e-01 -5.646687697160881481e-01 -3.651877133105803086e-01 -4.471544715447154372e-01 -6.923076923076922906e-01 -6.619115549215406347e-01
1.000000000000000000e+00 2.947368421052634080e-01 1.264822134387351138e-01 -1.122994652406418270e-01 -8.247422680412364038e-02 -6.086956521739130821e-01 -5.586206896551723089e-01 -9.409282700421941481e-01 6.981132075471696563e-01 -7.034700315457412811e-01 -2.457337883959045399e-01 -4.634146341463413199e-01 -5.970695970695970578e-01 -5.691868758915834547e-01
1.000000000000000000e+00 -4.736842105263150415e-02 -1.225296442687747733e-01 3.368983957219249259e-01 3.814432989690723641e-01 -3.260869565217391353e-01 -7.586206896551728196e-02 -8.902953586497890370e-01 5.094339622641510523e-01 -7.476340694006309295e-01 -3.788395904436860917e-01 -3.333333333333332593e-01 -3.553113553113553813e-01 -5.549215406562053587e-01
1.000000000000000000e+00 0.000000000000000000e+00 -1.818181818181816567e-01 4.331550802139039202e-01 7.216494845360843513e-02 -4.347826086956522174e-01 -6.137931034482757564e-01 -9.324894514767932963e-01 5.094339622641510523e-01 -7.854889589905362790e-01 -4.334470989761093351e-01 -5.284552845528454057e-01 -2.380952380952380265e-01 -5.406562054208273738e-01
1.000000000000000000e+00 2.263157894736840259e-01 -2.806324110671936101e-01 5.882352941176471894e-02 -3.092783505154628187e-02 -5.869565217391303769e-01 -7.103448275862069838e-01 -9.324894514767932963e-01 -9.433962264150952404e-02 -8.548895899053627900e-01 -2.627986348122868243e-01 -6.422764227642276946e-01 -1.208791208791207827e-01 -2.838801711840228670e-01
1.000000000000000000e+00 3.105263157894735393e-01 -3.952569169960473694e-02 4.545454545454548079e-01 3.298969072164950056e-01 -4.130434782608695121e-01 -6.068965517241378116e-01 -9.240506329113924444e-01 3.962264150943395347e-01 -9.116719242902208142e-01 -4.761092150170649351e-01 -3.333333333333332593e-01 -4.212454212454211921e-01 -6.547788873038515867e-01
1.000000000000000000e+00 3.631578947368416799e-01 6.640316205533598470e-01 5.882352941176471894e-02 -3.092783505154628187e-02 -5.217391304347825942e-01 -2.965517241379309610e-01 -8.059071729957806296e-01 2.830188679245280170e-01 -6.151419558359620954e-01 -4.675767918088736819e-01 -3.008130081300811609e-01 -4.285714285714287142e-01 -6.119828815977175207e-01
1.000000000000000000e+00 -3.578947368421050435e-01 2.411067193675888731e-01 -1.016042780748661611e-01 -1.855670103092782464e-01 -8.695652173913048788e-02 -7.241379310344828735e-01 -8.143459915611814814e-01 -3.962264150943397567e-01 -5.394321766561513964e-01 1.825938566552900433e-01 -7.235772357723576631e-01 -4.652014652014652141e-01 -1.768901569186875911e-01
1.000000000000000000e+00 1.210526315789475227e-01 1.185770750988144329e-01 -1.550802139037434912e-01 7.216494845360843513e-02 -3.043478260869565410e-01 -6.413793103448275357e-01 -9.113924050632911111e-01 1.320754716981131782e-01 -4.384858044164037238e-01 -5.358361774744028194e-01 -8.048780487804878536e-01 -6.996336996336997016e-01 -2.125534950071327200e-01
1.000000000000000000e+00 5.000000000000004441e-01 6.996047430830039104e-01 -6.951871657754016276e-02 -3.092783505154628187e-02 -7.826086956521739468e-01 -1.000000000000000000e+00 -1.000000000000000000e+00 1.886792452830188260e-02 -8.296529968454258164e-01 -3.822525597269624820e-01 -8.373983739837398410e-01 -9.560439560439559781e-01 -8.045649072753209285e-01
1.000000000000000000e+00 -3.157894736842126182e-02 5.296442687747036082e-01 1.978609625668448224e-01 1.237113402061857936e-01 -6.521739130434782705e-01 -5.034482758620689724e-01 -8.691983122362869629e-01 2.830188679245280170e-01 -7.160883280757097680e-01 8.703071672354933952e-02 -9.024390243902438158e-01 -5.677655677655677469e-01 -5.049928673323822448e-01
1.000000000000000000e+00 2.052631578947370361e-01 -1.185770750988135447e-02 9.090909090909082835e-02 1.237113402061857936e-01 -5.217391304347825942e-01 -3.448275862068965747e-01 -8.227848101265823333e-01 2.075471698113207086e-01 -4.700315457413248854e-01 2.184300341296927517e-01 -8.861788617886178221e-01 -7.435897435897435015e-01 -4.693295292439372268e-01
1.000000000000000000e+00 7.894736842105287700e-02 2.490118577075099981e-01 6.951871657753994072e-02 1.237113402061857936e-01 -6.521739130434778264e-02 -7.034482758620690390e-01 -5.569620253164557777e-01 -2.075471698113207086e-01 -5.394321766561513964e-01 3.856655290102390943e-01 -8.536585365853659457e-01 -9.560439560439559781e-01 -6.119828815977175207e-01
1.000000000000000000e+00 3.000000000000000444e-01 -5.928853754940710541e-02 3.475935828877005918e-01 3.814432989690723641e-01 1.521739130434782705e-01 -7.103448275862069838e-01 -4.810126582278481111e-01 -6.603773584905661131e-01 -4.700315457413248854e-01 2.491467576791808192e-01 -8.211382113821138473e-01 -9.780219780219779890e-01 -6.833095577746077787e-01
1.000000000000000000e+00 -7.368421052631612955e-02 -2.371541501976284216e-01 1.978609625668448224e-01 1.752577319587629301e-01 -8.695652173913048788e-02 -6.551724137931034253e-01 -5.696202531645570000e-01 -5.849056603773585827e-01 -4.637223974763405865e-01 6.245733788395906316e-01 -1.000000000000000000e+00 -8.534798534798535563e-01 -7.118402282453637486e-01
1.000000000000000000e+00 9.473684210526300831e-02 -5.415019762845849627e-01 4.866310160427806952e-01 5.360824742268042176e-01 0.000000000000000000e+00 -1.586206896551722867e-01 -6.033755274261602963e-01 -5.094339622641509413e-01 -2.744479495268137281e-01 -6.825938566553113596e-03 -7.886178861788617489e-01 -9.560439560439559781e-01 -7.902995720399429436e-01
1.000000000000000000e+00 1.578947368421055319e-01 1.185770750988135447e-02 -1.604278074866338777e-02 -1.855670103092782464e-01 -3.913043478260869179e-01 -4.344827586206896353e-01 -7.932489451476794073e-01 8.113207547169809519e-01 -7.886435331230268186e-02 5.767918088737200577e-01 -8.699186991869917174e-01 -8.241758241758241343e-01 -4.336661911554922089e-01
1.000000000000000000e+00 -1.842105263157892692e-01 -7.826086956521738358e-01 -2.085561497326202662e-01 -3.092783505154628187e-02 -2.826086956521739468e-01 -6.551724137931034253e-01 -8.987341772151898889e-01 5.094339622641510523e-01 -3.753943217665615117e-01 7.849829351535819733e-02 -8.373983739837398410e-01 -7.948717948717948234e-01 -4.835948644793152118e-01
1.000000000000000000e+00 1.263157894736843812e-01 7.588932806324113489e-01 2.673796791443838750e-02 1.752577319587629301e-01 -5.000000000000000000e-01 -4.758620689655171931e-01 -8.776371308016878148e-01 8.113207547169809519e-01 -2.807570977917980271e-01 1.296928327645050505e-01 -8.048780487804878536e-01 -8.461538461538461453e-01 -3.623395149786019509e-01
1.000000000000000000e+00 4.789473684210525661e-01 3.359683794466403750e-01 9.090909090909082835e-02 -8.247422680412364038e-02 -5.869565217391303769e-01 -4.344827586206896353e-01 -7.932489451476794073e-01 3.207547169811320042e-01 -2.744479495268137281e-01 3.191126279863478743e-01 -8.536585365853659457e-01 -7.289377289377290126e-01 -7.118402282453637486e-01
1.000000000000000000e+00 -2.526315789473686513e-01 -9.486166007905127984e-02 3.689839572192514794e-01 6.907216494845360710e-01 -4.130434782608695121e-01 -3.655172413793104091e-01 -8.987341772151898889e-01 8.867924528301884823e-01 -5.394321766561513964e-01 6.143344709897591294e-02 -6.910569105691055647e-01 -6.630036630036630907e-01 -1.412268188302424621e-01
1.000000000000000000e+00 7.421052631578946013e-01 -6.284584980237153395e-01 4.331550802139039202e-01 4.845360824742268591e-01 -3.913043478260869179e-01 2.551724137931032921e-01 -5.907172995780590741e-01 5.094339622641510523e-01 4.447949526813881338e-01 1.000000000000000000e+00 -8.536585365853659457e-01 -4.945054945054945250e-01 -4.550641940085592418e-01
1.000000000000000000e+00 2.894736842105265495e-01 -6.324110671936759021e-01 3.689839572192514794e-01 2.268041237113402886e-01 -5.869565217391303769e-01 1.172413793103448398e-01 -6.793248945147679629e-01 4.716981132075470651e-01 1.861198738170348754e-01 7.866894197952218892e-01 -8.536585365853659457e-01 -6.263736263736263687e-01 -5.121255349500712928e-01
1.000000000000000000e+00 -3.000000000000000444e-01 2.213438735177866157e-01 9.090909090909082835e-02 7.216494845360843513e-02 -6.086956521739130821e-01 -8.965517241379317159e-02 -7.552742616033755185e-01 3.962264150943395347e-01 -6.025236593059936085e-01 8.703071672354933952e-02 -8.699186991869917174e-01 -7.728937728937728124e-01 -6.547788873038515867e-01
1.000000000000000000e+00 3.999999999999999112e-01 -3.952569169960562512e-03 2.620320855614972633e-01 -3.092783505154628187e-02 -1.956521739130434590e-01 -4.137931034482758008e-01 -9.071729957805907407e-01 3.962264150943395347e-01 -7.539432176656151174e-01 -2.150170648464164724e-01 -2.195121951219511924e-01 -5.970695970695970578e-01 -4.265335235378031609e-01
1.000000000000000000e+00 -4.210526315789475671e-02 2.220446049250313081e-16 3.048128342245990385e-01 1.752577319587629301e-01 -2.173913043478260532e-01 -5.379310344827585855e-01 -8.902953586497890370e-01 7.735849056603771867e-01 -6.529968454258674448e-01 -2.662116040955632146e-01 -3.658536585365853577e-01 -3.846153846153846922e-01 -5.834522111269615507e-01
1.000000000000000000e+00 1.578947368421101949e-02 7.114624505928857090e-02 5.882352941176471894e-02 -1.855670103092782464e-01 -2.173913043478260532e-01 -7.172413793103449287e-01 -8.481012658227848888e-01 1.886792452830188260e-02 -6.656151419558359317e-01 -3.174061433447099567e-01 -6.747967479674795710e-01 -6.483516483516483797e-01 -4.336661911554922089e-01
1.000000000000000000e+00 4.473684210526314153e-01 -2.015810276679842472e-01 5.347593582887499863e-03 1.752577319587629301e-01 -5.652173913043478937e-01 -7.448275862068964859e-01 -8.565400843881856296e-01 5.660377358490542576e-02 -6.088328075709779075e-01 4.163822525597269397e-01 -6.422764227642276946e-01 -6.996336996336997016e-01 -5.192582025677603408e-01
1.000000000000000000e+00 4.210526315789475671e-01 4.308300395256918769e-01 -3.743315508021416438e-02 2.268041237113402886e-01 -6.086956521739130821e-01 -7.931034482758620996e-01 -9.451476793248945185e-01 4.716981132075470651e-01 -5.331230283911672085e-01 -8.873720136518781221e-02 -5.121951219512194120e-01 -6.483516483516483797e-01 -6.547788873038515867e-01
1.000000000000000000e+00 2.736842105263155300e-01 1.699604743083005243e-01 3.262032085561497041e-01 2.783505154639176471e-01 -1.086956521739130821e-01 -5.034482758620689724e-01 -7.552742616033755185e-01 1.320754716981131782e-01 -3.375394321766561623e-01 6.040955631399316239e-01 -3.983739837398373451e-01 -7.875457875457875234e-01 -4.051355206847361279e-01
1.000000000000000000e+00 -5.789473684210499904e-02 3.952569169960473694e-02 5.347593582887499863e-03 -8.247422680412364038e-02 -6.086956521739130821e-01 -6.551724137931034253e-01 -8.649789029535864815e-01 1.886792452830188260e-02 -6.466876971608832569e-01 5.324232081911262071e-01 -6.097560975609755962e-01 -6.483516483516483797e-01 -4.194008559201141129e-01
1.000000000000000000e+00 3.421052631578949121e-01 -2.727272727272725961e-01 4.224598930481282544e-01 4.329896907216497226e-01 -2.391304347826086474e-01 -6.068965517241378116e-01 -7.890295358649789259e-01 -1.886792452830188260e-02 -2.870662460567822150e-01 2.593856655290101010e-01 -5.772357723577234978e-01 -6.117216117216117688e-01 -3.266761768901569329e-01
1.000000000000000000e+00 2.473684210526319038e-01 5.256916996047429347e-01 6.042780748663099111e-01 4.845360824742268591e-01 -8.695652173913048788e-02 -3.103448275862068506e-01 -7.383966244725739259e-01 -4.716981132075471761e-01 -5.583596214511039602e-01 2.320819112627985348e-01 -6.910569105691055647e-01 -5.238095238095239470e-01 -4.978601997146933078e-01
1.000000000000000000e+00 -3.842105263157896688e-01 -9.486166007905127984e-02 2.673796791443838750e-02 -1.340206185567008879e-01 -4.347826086956522174e-01 -8.137931034482758230e-01 -9.367088607594936667e-01 1.886792452830188260e-02 -7.981072555205046548e-01 -2.798634812286689977e-01 -7.073170731707316694e-01 -5.897435897435896468e-01 -6.690442225392296827e-01
1.000000000000000000e+00 -8.421052631578951342e-02 -3.478260869565216185e-01 -1.604278074866338777e-02 -8.247422680412364038e-02 -6.521739130434782705e-01 -7.172413793103449287e-01 -9.282700421940928148e-01 3.207547169811320042e-01 -8.548895899053627900e-01 4.709895904436858238e-01 -8.536585365853659457e-01 -7.362637362637363125e-01 -7.261055634807418446e-01
1.000000000000000000e+00 6.473684210526315930e-01 -3.003952569169960896e-01 1.978609625668448224e-01 -3.092783505154628187e-02 -5.434782608695651884e-01 -5.172413793103448620e-01 -8.481012658227848888e-01 1.698113207547169434e-01 -4.763406940063090733e-01 4.368600682593855034e-01 -7.723577235772357552e-01 -6.776556776556776907e-01 -4.550641940085592418e-01
1.000000000000000000e+00 4.105263157894742942e-01 9.407114624505930056e-01 1.657754010695189351e-01 2.061855670103107663e-02 -4.565217391304348116e-01 -5.172413793103448620e-01 -8.860759493670886666e-01 4.716981132075470651e-01 -5.899053627760251217e-01 9.556313993174048171e-02 -7.398373983739836568e-01 -6.556776556776556797e-01 -3.409415121255349179e-01
1.000000000000000000e+00 2.473684210526319038e-01 2.529644268774704496e-01 1.978609625668448224e-01 2.783505154639176471e-01 -3.043478260869565410e-01 -4.344827586206896353e-01 -8.270042194092827037e-01 1.320754716981131782e-01 -3.690851735015773238e-01 2.730375426621156620e-02 -6.422764227642276946e-01 -7.875457875457875234e-01 -3.266761768901569329e-01
1.000000000000000000e+00 1.789473684210525217e-01 3.992094861660080429e-01 -3.743315508021416438e-02 -3.092783505154628187e-02 8.695652173913037686e-02 -5.793103448275861433e-01 -8.523206751054852592e-01 1.320754716981131782e-01 -4.069400630914825623e-01 5.221843003412969253e-01 -8.211382113821138473e-01 -7.875457875457875234e-01 -2.054208273894436720e-01
1.000000000000000000e+00 1.263157894736843812e-01 -2.687747035573122556e-01 8.021390374331560658e-02 -3.092783505154628187e-02 8.695652173913037686e-02 -5.379310344827585855e-01 -8.565400843881856296e-01 5.094339622641510523e-01 -3.375394321766561623e-01 3.686006825938568099e-01 -8.048780487804878536e-01 -7.435897435897435015e-01 -1.982881597717546240e-01
1.000000000000000000e+00 6.315789473684214617e-01 3.280632411067192500e-01 4.759358288770054735e-01 4.329896907216497226e-01 -4.347826086956522174e-01 -2.620689655172414589e-01 -8.227848101265823333e-01 6.226415094339623479e-01 -4.069400630914825623e-01 3.515358361774740814e-01 -7.886178861788617489e-01 -7.582417582417582125e-01 -5.977175463623395357e-01
